5.5261 0.065578
4.5615 2.0523
5.221 1.7435
3.2396 -0.6329
2.9277 0.40123
2.7871 -1.8331
4.5906 -1.0824
0.24955 -3.2864
-2.3375 -3.5079
-0.86984 -5.6136
5.637 2.3111
4.3238 -0.30995
0.43092 -1.4035
3.0509 -2.0335
0.70848 -2.3515
5.4594 0.99378
2.5235 -0.96576
1.3078 -2.3683
6.649 -0.86415
4.4782 0.51376
3.2055 -0.64258
3.0492 -2.4829
4.7495 0.97208
3.4918 -0.11236
3.5868 0.63145
7.5858 3.1764
1.9785 -2.3153
5.7428 0.10552
3.6596 -1.342
8.3584 2.9521
0.67709 -2.0891
2.1603 -4.3511
2.8323 -0.49937
3.3748 0.52484
2.4711 -1.0258
4.2695 -0.059096
4.3885 -0.024328
5.6485 1.0079
2.4445 -1.4536
2.0764 -1.6692
4.8444 0.88308
0.94931 -1.1081
4.3073 1.6531
5.0772 -1.3549
2.8813 -1.7592
4.0447 0.11141
4.9235 -0.84949
4.4381 -1.5537
2.3165 -0.63612
2.1159 -1.2429
4.0974 1.1472
4.2064 1.4297
6.4388 1.0305
1.1111 -1.6117
3.3544 0.02072
0.14986 -3.6982
4.1305 -0.043617
-1.1406 -3.003
6.7134 -0.88055
6.8437 0.9732
5.721 1.5101
0.20526 -1.465
-0.93417 -1.9971
6.6366 0.7932
0.19957 -1.2616
2.1504 -1.3365
2.6847 -3.251
1.2681 -1.6097
5.6358 1.2034
0.30966 -2.5531
1.136 -1.0747
3.5468 -0.20898
5.6412 0.35747
5.8343 0.39921
8.5203 2.8748
5.4955 -1.1066
4.7912 1.237
5.1722 -1.1325
3.2956 0.23337
4.1145 1.285
1.4642 -1.8036
1.4688 -2.5988
5.0357 0.92082
4.2232 -0.50471
3.0591 -0.93345
5.1945 2.9733
5.446 -0.045029
5.2881 0.16287
4.6596 -2.0516
-0.074041 -6.0073
1.5836 -1.3598
6.599 -2.2904
2.2647 -1.1652
6.103 2.0823
4.5976 -0.08558
4.1701 -0.63246
1.4937 -0.41262
5.4216 -1.3488
3.5677 -2.5524
2.834 0.37201
2.4637 -2.7663
1.5235 -2.6704
4.4595 -0.101
5.8139 1.7674
8.1942 1.5487
2.1678 -0.6999
1.8987 -1.8059
4.9206 0.64966
-1.1893 -2.7679
3.7342 -1.6024
6.4533 -1.3413
1.8331 -0.37504
2.2877 -0.61454
2.9674 -1.6431
5.8572 0.43885
5.0409 1.5643
5.4245 0.92598
3.4725 -0.42661
0.36152 -2.4521
1.7645 -2.452
2.7045 -1.3871
3.5044 -0.8868
-1.3572 -2.2831
2.3638 -3.0867
3.5462 -0.90628
3.6192 -0.059543
6.6194 1.1498
1.7579 -2.7795
3.077 -1.6002
3.7408 -0.58686
1.9742 -0.98704
0.73199 -1.8628
-0.31469 -3.8089
2.1424 -0.90409
3.7067 0.46141
2.9002 -2.6108
2.3374 -1.409
3.2089 -1.5548
4.6062 -1.1128
6.2425 0.56957
2.995 -0.39064
4.4774 -0.55782
0.37662 -4.1466
0.61504 -1.8104
7.3207 -0.22615
-1.4456 -2.6363
3.1861 -0.46151
3.8738 -1.455
3.4889 -0.73115
2.5832 -1.0653
1.7839 -1.0115
4.9759 -0.96547
2.5082 -1.7326
3.672 -1.1907
4.9746 0.2747
7.4955 1.8191
5.4423 1.3931
1.334 -3.074
9.2275 4.0166
1.2169 -3.3741
5.6824 2.2359
2.1682 -2.8018
0.71885 -2.4696
6.8362 1.2955
3.2759 1.3167
6.1137 0.68756
6.4663 0.76954
5.2369 0.78243
6.0746 1.0188
4.6215 0.16417
3.8017 -1.5095
7.8461 3.1158
4.245 -0.15056
7.9815 1.1402
5.5495 0.56323
-0.70803 -1.3321
2.9839 1.3058
6.175 1.4044
4.4233 -0.05172
2.4146 -1.5887
2.0645 -3.8433
5.0314 2.2573
1.5536 -0.87545
0.9098 -0.26776
4.0377 -0.64043
2.4104 -1.6448
4.095 -0.57132
5.8333 -0.61156
1.6417 -1.4092
3.7273 -2.1578
2.5467 -1.3374
4.9597 -1.6734
6.2651 2.1669
6.9492 0.10212
2.176 1.362
2.4313 -1.1962
3.5009 0.90732
3.5627 -1.8036
4.3888 0.029602
2.1359 -1.0071
7.3305 3.4556
2.9822 -2.5032
1.5959 -1.628
7.4066 0.2499
5.0542 -0.48743
5.2035 -0.70355
4.3889 0.20087
5.2789 -0.19481
3.3363 -1.124
4.6537 0.099394
3.4291 -0.6742
4.5656 -0.31023
2.8362 -1.0712
1.7299 -1.7016
4.9154 -0.46709
2.1977 -0.93975
-0.28867 -1.8393
1.1926 -1.7349
0.47944 -3.915
0.62464 -0.89943
1.0145 -0.21582
7.4879 0.78717
4.1804 0.62182
7.4226 1.6606
1.4911 -0.036915
1.2129 -1.4955
3.0535 -1.5227
-0.18167 -3.0543
2.9399 -2.4508
4.191 1.7495
4.6986 2.3825
6.3509 2.296
5.1467 1.0481
1.4785 -1.4539
1.4164 0.071067
2.4437 -3.7296
6.3093 0.38776
5.7292 0.63276
0.59722 -3.5109
0.32227 -3.9428
2.3845 -1.5739
4.1231 1.3296
3.344 0.82822
-0.024501 -2.252
3.6807 -0.018984
4.1935 0.78106
8.1387 2.1393
1.6047 -0.97009
1.0371 1.1733
4.5333 0.63197
