2.6114 5.5918
-4.9342 4.0029
-1.6957 3.2463
1.4245 6.926
0.5656 5.6898
1.2369 6.7824
-0.94646 4.4773
0.085238 5.5275
0.3888 6.0296
4.1387 8.1393
-2.666 2.926
-2.4464 5.1245
-5.1406 2.997
1.5978 5.8243
-1.8496 4.6635
2.759 4.7464
-1.0943 3.9423
-3.2736 2.4485
-0.86573 6.5936
-0.042887 8.74
-0.79448 5.3574
-2.6953 4.2391
0.17013 5.3675
3.2667 7.363
3.9815 7.1402
-3.2356 4.9809
0.92347 5.1505
2.103 8.0823
-0.88949 4.8119
1.6231 5.5277
1.2035 5.2964
-1.2953 3.2816
-2.2351 4.6418
-0.31933 5.981
-0.58917 5.9928
1.4594 6.9938
3.3635 6.4657
-3.268 4.1372
-1.824 7.362
-4.2887 4.1607
-2.4041 4.372
-0.91336 6.2764
3.4658 8.6769
-1.9355 2.1567
-1.2129 4.1669
-3.0507 4.8919
-0.43726 4.1964
0.38888 6.2009
-1.5854 4.4113
-1.8023 5.0602
0.24502 5.8494
-3.5138 4.5725
0.22844 7.4192
1.5718 7.0017
-2.6665 3.4568
-0.29328 6.4614
3.5581 9.1408
-3.5206 2.085
-2.0997 5.9558
-2.5063 5.5874
-0.76092 5.8552
0.17748 5.2904
-5.008 1.6837
1.2881 6.1629
1.2789 5.8052
-0.86494 3.9295
-1.5 5.0649
0.044689 6.1114
-1.1694 6.7847
-4.8698 0.38644
-1.4 3.9787
1.637 8.3111
1.1467 7.0481
6.4051 9.6132
-2.6922 3.6317
-3.7404 2.7641
3.3207 5.7739
-2.3283 4.0086
-2.444 5.0617
2.0077 6.5057
1.5531 9.3495
-0.7671 6.7887
-1.0601 3.5492
2.7427 5.7743
-1.3153 2.749
-1.8641 4.9929
-3.4028 2.4891
1.0521 6.5408
-0.81394 5.5385
-0.50817 5.8876
-1.9252 4.0054
0.56149 8.0523
1.7428 6.1055
-3.0777 5.2366
-1.4533 4.6626
1.8677 3.8061
-0.49914 6.9073
0.26951 5.9409
-3.385 4.1896
-0.63796 6.701
-0.51106 5.2688
0.62154 5.4121
-3.1069 2.6597
-0.64416 5.6483
3.1581 8.0362
-3.7947 4.535
-1.5563 2.2704
0.20029 6.7381
1.6485 7.0079
-2.9629 7.1733
1.4941 7.0457
3.4955 7.8191
-0.84343 4.832
0.095048 5.4287
-1.604 5.6968
-1.4765 5.0342
0.32842 4.5889
-2.2408 6.1789
-1.0178 3.4968
0.092799 5.6686
-0.76297 4.0347
0.79056 6.5411
-1.2105 6.4527
-2.143 4.0369
-0.49562 5.1132
-0.1262 4.545
-2.5057 4.0821
-3.6903 3.4469
-0.7705 4.4944
-2.7341 5.0077
3.5858 9.1764
-1.9077 3.9235
0.99605 5.9093
1.1044 6.8901
4.5203 8.8748
2.2425 6.5696
-2.2421 3.2205
-0.18485 7.7275
-1.4918 4.2674
-1.1442 5.5242
1.0357 6.9208
2.175 7.4044
0.4233 5.9483
1.4423 7.3931
-1.1677 5.5006
0.31726 6.3651
2.8362 7.2955
1.8333 5.3884
-1.624 5.7456
0.3073 7.6531
-0.43234 3.4476
-2.1945 5.1362
-0.94909 3.9665
-0.32802 4.8093
3.427 9.5919
-1.8322 5.3001
3.4226 7.6606
3.2589 8.6062
-0.77467 3.6003
0.9759 5.5202
-6.3375 2.4921
2.3509 8.296
-0.41324 6.6315
-1.0161 7.3058
3.2643 7.7853
-0.34966 5.9882
1.9045 6.786
0.68152 5.2348
-4.708 4.6679
-1.6088 5.7089
-2.8694 3.6557
-0.66374 4.876
-1.8184 7.2468
-0.62518 6.5248
1.4267 4.4105
-1.9762 4.5991
-0.45379 5.0937
3.4066 6.2499
-1.0769 4.8383
-1.1638 4.9288
-2.8074 4.2651
2.1098 6.0177
0.43809 4.4463
-1.5325 6.1625
3.3305 9.4556
-1.8841 4.7571
0.6813 7.164
-1.5138 5.0369
-3.6777 2.0572
-0.70435 6.2334
1.4216 4.6512
0.097397 7.1472
0.68591 6.0152
-2.4718 5.7597
-2.2161 4.9885
0.8176 4.9528
1.221 7.7435
2.4388 7.0305
1.7358 7.9375
-0.93709 6.1898
1.8139 7.7674
0.38847 5.9757
-0.61207 5.8197
-2.7253 5.2045
-0.64564 6.0207
1.6358 7.2034
-0.8375 4.8299
4.291 9.383
-1.5438 5.0971
0.45946 5.899
-1.6271 5.9011
-3.3754 5.1006
-2.5089 5.9631
-2.3803 3.7338
-1.853 3.8777
1.0772 4.6451
2.1066 8.0838
3.8461 9.1158
-2.9866 4.4544
-3.8501 2.3018
-2.4164 4.6402
-4.074 -0.0073221
-3.2811 3.5304
-0.25924 5.4131
-2.0258 5.013
2.6366 6.7932
0.21199 6.2719
4.3584 8.9521
-0.033615 4.3022
1.0383 7.6435
1.0616 6.7631
4.1942 7.5487
-3.6847 3.5563
-2.1013 4.1941
1.7628 5.1217
0.48277 7.2413
-2.6865 5.44
1.8343 6.3992
-0.93051 5.9667
-3.7555 4.3037
-0.34043 4.658
-2.932 4.6565
1.446 5.955
-2.5776 3.0927
1.3888 6.7959
-2.2701 4.2984
-2.7871 4.5045
-0.62281 7.4075
0.22318 5.4953
1.0409 7.5643
