-3.4442 1.1625
0.26416 -1.6461
-1.6844 -1.9465
-1.4829 -2.0057
-1.1112 -2.1469
-0.29113 -0.12364
-0.87567 0.98251
-1.3022 -4.4448
1.9915 3.223
-1.3499 1.3058
-1.5475 -5.063
-2.0776 0.95054
1.4578 1.367
0.23063 1.0245
0.11032 -1.2562
-0.16874 -0.86148
-2.4775 -2.3098
-0.85465 -2.8527
-0.93218 -1.9257
-1.9049 -1.802
2.6487 1.6352
1.5719 1.9459
1.1558 0.36105
1.259 0.72545
-1.2856 -1.1623
0.47274 1.87
-1.4383 -3.9896
-2.1007 -1.517
0.82371 1.6774
-3.2282 -2.8246
0.34603 1.8996
3.1719 2.1475
0.71198 -1.7825
-0.4291 -1.4878
-0.40359 0.17719
-1.378 -2.0769
0.03484 1.374
0.68756 0.25397
-0.72342 0.37883
-0.44341 2.6532
-1.3808 -2.2232
1.4256 1.8132
-0.056028 0.0088661
0.02573 -0.1863
-1.506 -0.72522
-0.44311 -0.72212
-0.20089 0.33162
-0.32873 2.0263
-1.0281 -2.2308
-0.14674 4.3603
0.1135 -0.38063
-0.37125 -1.5363
1.9891 2.1735
2.1591 2.9477
-1.9713 -0.60343
1.4099 0.90583
0.42849 -3.6131
-1.3261 -1.7923
2.0886 0.22577
0.77873 2.6808
-0.62652 -2.8679
-0.82723 -1.3354
-0.2426 -1.5634
-2.2061 -2.317
1.091 1.1025
-3.2149 -4.3229
-0.90795 -1.032
3.0082 2.6027
-0.64852 -0.87682
0.87383 -1.2145
-1.0084 -4.0589
-1.2256 -2.7439
-0.89991 -3.7985
-0.121 -0.96801
2.4814 5.4188
0.60108 -1.9427
-2.2345 -0.047371
-0.40318 3.0956
1.5771 0.67548
2.3168 3.8324
0.30937 -2.8082
0.87021 3.1206
2.9731 1.2771
1.071 3.8469
-0.039939 1.4562
0.09296 3.3993
-0.5402 -3.6306
-1.6777 0.55662
1.4199 3.2942
1.7002 5.2268
-1.7812 -0.92749
2.2038 2.1657
-0.40691 -1.2018
-1.8692 -1.7292
0.95412 2.3357
1.4393 2.3159
-1.7158 -2.5642
0.65203 2.1641
2.0886 1.7598
-0.24534 -1.166
0.55321 -1.9937
0.36869 2.8034
0.036581 -0.75022
0.76388 -1.3862
-2.09 -0.54725
0.71958 1.2339
1.3934 1.9603
1.6395 1.6458
2.863 2.7681
2.0013 1.7532
0.53588 0.14723
2.0314 0.47243
-0.82794 -1.5183
-0.097589 -1.8342
0.88965 1.4082
0.55919 -0.64941
0.049141 -1.511
-1.2305 -1.301
1.2093 0.73619
-1.2737 -1.8369
0.42906 0.44245
-1.0601 1.5906
0.41935 1.0514
-0.11392 0.49798
1.6029 2.5332
-3.0916 -3.5136
1.1135 0.31621
0.4692 -1.5426
1.7798 2.7949
-0.56995 -0.30115
1.8225 2.6983
-1.3302 -1.789
1.9341 2.5826
-1.0537 -0.8392
0.74332 0.90768
0.63142 0.82527
-0.35685 2.7411
-0.54366 0.53294
0.73555 2.6106
-1.8433 -2.5773
-1.5601 -4.3701
-0.15124 -1.9561
0.13403 -0.34436
-0.43089 -2.0692
0.091339 -2.5496
-2.1763 -3.2796
0.64686 0.04424
1.9559 5.3045
1.4719 1.5029
1.8325 0.90105
0.55099 0.23576
0.53695 1.0356
-0.62083 0.82495
-1.2221 0.77793
1.4898 -1.6033
-2.1141 -2.6485
1.4977 -1.2595
3.455 6.1116
-0.30626 1.7253
-0.65472 0.74872
1.5888 -0.53043
-0.018754 -1.7674
-2.1695 -1.91
0.98776 2.0667
1.2681 0.75544
2.2133 0.019805
-1.1298 -2.7818
-0.83768 -2.2057
0.85019 0.5391
-0.19366 -4.8731
1.8509 -0.28636
-0.90841 -4.4677
0.86295 1.9791
-1.6253 1.131
-0.74616 0.46566
-0.25692 0.22085
-1.0647 -0.37344
1.8403 2.2975
2.6976 4.6051
1.5089 2.0845
1.8766 2.9884
-0.41002 -2.3328
0.25194 0.045159
-0.61281 -0.89161
-1.4979 -1.2984
2.8975 -0.28315
-1.0568 -0.15807
0.59713 1.5469
-2.3593 -1.094
-0.55236 -1.3685
0.94998 2.2733
0.19102 2.0317
0.16601 0.80184
2.4513 2.0383
-0.10494 0.27545
2.2891 -0.021601
-1.6886 -1.5434
0.785 -3.3525
1.4161 2.7075
2.7019 6.7752
0.75397 -0.83759
1.694 5.1821
1.5452 1.0558
-1.0778 -1.1847
-0.64826 -1.7243
0.2753 -1.0591
1.901 1.7425
-0.67962 0.21447
1.78 -0.76392
-1.7862 -3.2757
1.5641 2.5343
-0.49059 1.0232
-0.81031 0.14683
-1.3816 -1.7017
1.3392 -0.44346
-0.0024608 -2.6593
3.041 4.1213
1.2644 0.022403
-0.94627 0.49433
-0.71996 0.97109
1.5109 0.33484
0.8012 -0.64013
0.65541 1.7059
-1.847 -0.28242
1.7644 0.28837
2.2311 2.0326
-1.2298 -1.7028
-0.084045 0.50691
0.27521 1.1578
-3.3149 -3.9728
0.87532 0.43861
-0.052429 3.1536
-0.69132 -2.0886
-0.96437 -2.7141
-0.34155 -6.5565
0.2357 -2.4808
3.061 3.6612
-1.1547 -1.7165
0.042757 -0.74906
0.5316 0.85618
1.3645 2.9868
-1.4918 -2.9992
3.1992 0.97684
1.5719 1.9916
-2.2904 -1.7836
3.9233 7.0147
0.76602 -0.72347
-0.019567 1.9994
0.44596 0.76659
-1.6307 -2.1488
