3.8641 3.0803
3.1619 4.6191
3.6198 4.3735
6.47 7.4348
4.578 4.8035
7.213 5.5954
5.2758 3.3171
6.0984 5.5331
7.8366 7.3465
3.762 4.3205
3.1521 4.5144
5.4236 7.7484
9.6099 8.9047
7.1486 7.7528
4.2446 4.7638
3.6655 3.2794
5.4082 4.4627
5.2666 5.3239
3.5131 5.4133
3.6678 5.8663
4.7888 5.9151
6.233 5.5035
6.3314 6.1018
1.0263 2.9005
6.75 8.6625
6.6882 5.4048
8.6904 5.5992
5.923 3.4905
8.5505 7.4815
2.7561 1.7687
5.4955 4.0113
6.0716 5.6287
7.1163 8.6395
6.9878 7.0646
4.9347 5.934
3.0724 3.1919
2.9465 3.8434
6.5656 9.2148
7.2567 5.1675
0.2735 1.5242
6.0117 3.9068
7.385 8.1347
7.4798 6.8656
4.3682 5.9732
5.324 3.9118
6.6068 4.6252
3.0072 4.793
5.3266 5.9699
6.8926 5.1899
7.3374 6.286
6.173 5.9735
1.888 3.0513
7.6036 6.4858
4.6817 5.9754
4.3582 5.1604
4.3718 5.5132
8.6458 6.3333
5.1556 6.6588
5.4956 5.7947
5.1841 5.4834
6.0539 5.4551
4.5129 4.4029
8.8854 9.8301
6.6993 6.8789
4.082 4.7554
11.586 10.75
6.5165 5.8719
7.5302 5.7199
6.8478 6.7945
3.3841 6.2197
6.8966 7.2796
4.2332 4.8663
6.5902 6.7494
5.9908 8.1449
4.4493 3.6674
7.5096 6.1837
8.0151 7.0296
6.6198 5.6082
5.7893 4.8496
4.8366 4.973
5.5715 5.1198
8.5006 6.577
7.3338 6.903
4.2027 4.3564
7.3971 6.4088
3.4421 3.8832
4.3786 5.5021
4.4529 5.7129
3.5268 3.9995
6.6591 7.8005
3.872 2.7685
6.2036 5.4112
5.2778 4.7825
2.0312 3.554
3.7158 3.7174
7.6308 6.9427
3.8944 4.8474
6.5838 7.0955
6.3756 6.0595
6.123 5.3203
3.6484 4.7923
5.9747 6.8409
8.0664 6.7576
5.9211 7.7606
4.6889 3.7136
3.2327 4.0385
5.1094 4.1525
7.9802 6.463
5.1157 6.781
8.8643 9.7902
6.9022 6.1628
2.7828 2.1915
3.8454 5.671
4.6825 3.4961
4.6669 1.9582
6.4749 7.1667
7.0841 7.7016
3.8367 5.3336
3.6956 4.7401
8.5482 6.1307
5.1408 6.4275
7.8823 6.4872
3.1642 2.0308
5.795 5.141
8.2473 7.6238
7.2159 8.5804
5.0552 4.6318
7.6446 7.184
6.2783 5.8302
8.3973 6.4619
5.5594 3.5815
4.2659 4.5281
6.6545 5.4163
8.6568 10.212
2.7146 2.9241
2.8864 3.7086
5.7522 5.4563
3.1183 1.6124
2.8961 4.5138
6.183 5.4859
6.1673 4.4014
5.4006 4.2512
5.7899 7.8353
3.8983 6.9913
9.2038 7.4601
8.1283 7.5176
4.7066 4.5098
4.5684 4.6288
7.8172 5.7953
6.2206 6.2871
1.3932 3.2557
5.8391 5.2675
9.0321 8.4777
6.9625 5.403
5.141 4.9966
3.557 3.8771
3.9403 4.3535
6.0339 4.6245
5.1852 3.8628
5.1988 6.4875
6.9114 4.1733
5.102 3.1772
5.0478 7.3572
8.2855 7.6664
1.8513 2.2296
3.3572 5.0613
4.1497 3.9359
6.6752 5.1158
5.5944 6.0051
7.4361 4.3069
5.8023 7.226
3.4259 2.2501
5.5292 5.2704
8.1125 6.8621
4.3203 5.6993
9.217 6.9169
6.0027 6.7792
3.7212 3.1116
6.0545 5.769
3.3489 5.7006
5.3323 5.621
8.8103 8.4042
6.5293 8.4813
2.9959 3.4448
3.5863 5.7058
4.995 5.8849
7.3076 7.5484
4.3168 3.4481
5.4004 3.4689
10.837 10.061
4.2938 4.8408
4.9498 6.1034
5.4133 3.89
4.6257 4.1834
7.6427 6.7909
6.213 5.6209
5.4602 5.5675
6.5216 8.9099
8.8539 9.3173
4.6927 6.2431
6.5784 6.2133
5.3965 4.4107
7.5705 5.2491
5.9058 4.0599
8.4163 8.8815
6.8529 7.3106
4.3504 5.5467
3.7506 2.2731
8.1355 7.4123
8.6057 9.0429
8.4737 7.8475
3.509 5.2377
6.8881 5.7782
8.6621 8.6329
4.9499 6.5135
7.7567 7.5599
7.615 8.4951
7.7942 5.5203
2.3333 3.1625
8.7183 10.074
5.1814 5.8045
9.7671 8.3327
8.8628 4.2749
8.0646 6.4393
5.0037 6.4155
5.4765 5.1035
4.399 4.6304
4.873 3.0882
9.534 8.4981
3.0573 1.3664
4.6192 4.8718
7.9609 8.1099
5.284 4.7815
4.9989 3.5282
6.3073 7.9396
8.537 7.5314
6.2537 6.3446
6.8176 6.519
6.2924 6.1227
4.9638 7.2502
7.3505 7.0777
2.693 4.0633
2.7839 6.7202
3.955 3.4341
5.3876 8.7701
6.5982 6.4134
3.3853 4.6272
7.8221 8.7486
8.7306 5.6832
7.1477 7.2385
